1984
2 1
3 2
4 3
5 2
6 2
7 4
8 4
9 8
10 6
11 5
12 11
13 4
14 6
15 6
16 12
17 14
18 12
19 17
20 6
21 19
22 2
23 7
24 21
25 23
26 14
27 15
28 16
29 10
30 29
31 22
32 21
33 7
34 25
35 10
36 1
37 26
38 34
39 6
40 14
41 3
42 14
43 34
44 35
45 44
46 42
47 18
48 15
49 38
50 10
51 30
52 22
53 49
54 25
55 6
56 28
57 30
58 2
59 6
60 25
61 19
62 13
63 7
64 28
65 8
66 27
67 48
68 22
69 20
70 12
71 60
72 50
73 47
74 29
75 58
76 33
77 11
78 40
79 30
80 71
81 51
82 76
83 3
84 48
85 71
86 37
87 26
88 7
89 12
90 42
91 83
92 70
93 15
94 14
95 89
96 50
97 81
98 23
99 72
100 47
101 27
102 74
103 25
104 54
105 91
106 38
107 49
108 82
109 43
110 101
111 91
112 39
113 109
114 83
115 36
116 26
117 72
118 81
119 79
120 13
121 67
122 72
123 67
124 15
125 108
126 67
127 91
128 95
129 111
130 53
131 115
132 26
133 3
134 28
135 4
136 94
137 123
138 118
139 98
140 121
141 58
142 139
143 65
144 13
145 71
146 51
147 66
148 143
149 53
150 31
151 16
152 58
153 24
154 42
155 138
156 15
157 50
158 113
159 36
160 103
161 67
162 44
163 40
164 35
165 60
166 25
167 72
168 105
169 154
170 56
171 13
172 63
173 123
174 44
175 46
176 158
177 71
178 44
179 142
180 133
181 28
182 169
183 126
184 29
185 134
186 87
187 112
188 73
189 107
190 61
191 33
192 185
193 128
194 125
195 77
196 168
197 119
198 136
199 167
200 135
201 149
202 155
203 184
204 119
205 177
206 141
207 39
208 84
209 46
210 64
211 38
212 85
213 191
214 14
215 152
216 125
217 83
218 51
219 45
220 154
221 88
222 28
223 159
224 56
225 112
226 29
227 91
228 141
229 2
230 220
231 112
232 135
233 55
234 209
235 203
236 226
237 99
238 214
239 128
240 3
241 211
242 43
243 131
244 117
245 125
246 43
247 75
248 143
249 184
250 229
251 27
252 41
253 106
254 74
255 3
256 22
257 241
258 68
259 78
260 46
261 195
262 30
263 92
264 97
265 261
266 100
267 176
268 216
269 238
270 11
271 180
272 75
273 88
274 261
275 118
276 163
277 29
278 217
279 117
280 218
281 156
282 196
283 225
284 183
285 52
286 124
287 3
288 242
289 151
290 20
291 248
292 167
293 121
294 187
295 24
296 92
297 171
298 81
299 184
300 285
301 219
302 274
303 198
304 146
305 98
306 74
307 201
308 35
309 109
310 41
311 99
312 273
313 169
314 112
315 201
316 271
317 86
318 144
319 72
320 157
321 311
322 146
323 196
324 263
325 192
326 110
327 313
328 152
329 108
330 135
331 155
332 50
333 171
334 276
335 322
336 306
337 4
338 301
339 43
340 177
341 257
342 167
343 6
344 220
345 68
346 80
347 305
348 144
349 192
350 197
351 163
352 18
353 153
354 241
355 60
356 32
357 141
358 111
359 91
360 42
361 93
362 80
363 19
364 250
365 8
366 29
367 221
368 31
369 211
370 298
371 158
372 28
373 191
374 194
375 217
376 147
377 160
378 350
379 299
380 121
381 118
382 25
383 325
384 260
385 242
386 231
387 80
388 379
389 226
390 27
391 47
392 137
393 186
394 238
395 302
396 209
397 188
398 301
399 174
400 274
401 211
402 239
403 179
404 24
405 349
406 209
407 355
408 255
409 178
410 336
411 393
412 8
413 9
414 30
415 277
416 14
417 342
418 141
419 184
420 220
421 161
422 162
423 284
424 377
425 151
426 197
427 282
428 265
429 198
430 378
431 378
432 164
433 328
434 386
435 405
436 286
437 213
438 16
439 258
440 192
441 398
442 29
443 87
444 190
445 167
446 53
447 235
448 40
449 216
450 415
451 72
452 270
453 205
454 157
455 205
456 171
457 135
458 386
459 72
460 201
461 106
462 241
463 242
464 250
465 389
466 185
467 37
468 132
469 77
470 361
471 177
472 82
473 399
474 427
475 9
476 441
477 318
478 49
479 256
480 125
481 45
482 227
483 423
484 64
485 69
486 39
487 397
488 110
489 262
490 78
491 318
492 438
493 173
494 250
495 203
496 312
497 319
498 477
499 209
500 329
501 324
502 210
503 479
504 341
505 138
506 82
507 268
508 226
509 49
510 447
511 185
512 234
513 377
514 101
515 116
516 75
517 47
518 163
519 144
520 219
521 154
522 321
523 426
524 235
525 129
526 476
527 381
528 86
529 169
530 176
531 102
532 193
533 274
534 525
535 165
536 208
537 11
538 64
539 334
540 366
541 368
542 511
543 237
544 290
545 127
546 339
547 65
548 301
549 331
550 428
551 183
552 339
553 429
554 374
555 144
556 447
557 348
558 252
559 515
560 105
561 200
562 531
563 58
564 100
565 100
566 238
567 112
568 338
569 493
570 297
571 225
572 57
573 179
574 540
575 163
576 137
577 100
578 424
579 309
580 433
581 119
582 271
583 345
584 330
585 467
586 365
587 224
588 148
589 9
590 225
591 32
592 304
593 48
594 161
595 327
596 238
597 572
598 486
599 592
600 179
601 101
602 246
603 444
604 534
605 107
606 55
607 391
608 480
609 203
610 296
611 250
612 57
613 53
614 404
615 597
616 302
617 194
618 176
619 140
620 318
621 100
622 393
623 43
624 215
625 132
626 178
627 251
628 235
629 268
630 308
631 416
632 315
633 111
634 189
635 104
636 447
637 318
638 113
639 6
640 330
641 201
642 478
643 93
644 266
645 175
646 63
647 618
648 464
649 12
650 625
651 398
652 455
653 645
654 243
655 389
656 137
657 265
658 657
659 356
660 458
661 14
662 120
663 623
664 264
665 174
666 502
667 243
668 238
669 434
670 246
671 151
672 125
673 178
674 71
675 558
676 667
677 203
678 295
679 603
680 294
681 469
682 225
683 553
684 646
685 72
686 417
687 358
688 399
689 467
690 649
691 451
692 57
693 632
694 240
695 346
696 389
697 215
698 475
699 130
700 342
701 514
702 306
703 73
704 224
705 154
706 82
707 316
708 462
709 452
710 210
711 558
712 377
713 3
714 36
715 583
716 598
717 641
718 669
719 443
720 204
721 469
722 247
723 382
724 274
725 489
726 288
727 394
728 337
729 526
730 92
731 60
732 250
733 538
734 158
735 9
736 4
737 564
738 93
739 32
740 83
741 438
742 52
743 632
744 156
745 528
746 135
747 502
748 414
749 177
750 675
751 305
752 390
753 564
754 56
755 693
756 329
757 686
758 597
759 230
760 708
761 654
762 13
763 423
764 365
765 594
766 260
767 655
768 278
769 309
770 527
771 326
772 82
773 162
774 648
775 160
776 12
777 560
778 477
779 261
780 754
781 7
782 106
783 377
784 47
785 68
786 628
787 542
788 43
789 593
790 634
791 474
792 182
793 100
794 4
795 780
796 21
797 538
798 12
799 222
800 746
801 464
802 426
803 66
804 204
805 282
806 6
807 236
808 316
809 465
810 156
811 274
812 501
813 783
814 124
815 308
816 462
817 744
818 214
819 313
820 781
821 120
822 48
823 171
824 418
825 324
826 280
827 249
828 675
829 539
830 398
831 703
832 739
833 122
834 371
835 781
836 322
837 120
838 514
839 826
840 285
841 61
842 425
843 371
844 346
845 429
846 365
847 223
848 317
849 725
850 302
851 13
852 150
853 693
854 282
855 56
856 257
857 137
858 457
859 391
860 279
861 3
862 147
863 591
864 52
865 647
866 25
867 609
868 312
869 83
870 353
871 211
872 870
873 360
874 48
875 512
876 590
877 613
878 317
879 110
880 317
881 447
882 102
883 544
884 444
885 518
886 176
887 376
888 87
889 80
890 138
891 82
892 728
893 172
894 312
895 121
896 689
897 75
898 821
899 778
900 233
901 531
902 376
903 891
904 738
905 135
906 658
907 811
908 583
909 487
910 867
911 328
912 201
913 201
914 332
915 618
916 797
917 634
918 236
919 86
920 415
921 597
922 40
923 642
924 510
925 461
926 83
927 450
928 305
929 537
930 805
931 144
932 684
933 780
934 684
935 771
936 821
937 358
938 443
939 846
940 188
941 312
942 193
943 116
944 755
945 72
946 112
947 867
948 272
949 413
950 899
951 578
952 758
953 667
954 4
955 498
956 274
957 666
958 186
959 446
960 723
961 197
962 226
963 703
964 66
965 530
966 822
967 890
968 962
969 753
970 580
971 9
972 570
973 266
974 438
975 79
976 61
977 448
978 609
979 13
980 269
981 116
982 137
983 355
984 584
985 639
986 60
987 900
988 466
989 379
990 641
991 228
992 126
993 485
994 829
995 271
996 993
997 49
998 358
999 970
1000 258
1001 347
1002 636
1003 533
1004 180
1005 63
1006 561
1007 896
1008 180
1009 372
1010 841
1011 219
1012 19
1013 25
1014 243
1015 402
1016 939
1017 748
1018 224
1019 72
1020 625
1021 129
1022 73
1023 363
1024 763
1025 112
1026 701
1027 381
1028 701
1029 394
1030 716
1031 410
1032 489
1033 193
1034 761
1035 588
1036 696
1037 438
1038 748
1039 439
1040 618
1041 793
1042 240
1043 669
1044 198
1045 538
1046 804
1047 186
1048 458
1049 223
1050 129
1051 776
1052 486
1053 682
1054 381
1055 332
1056 492
1057 236
1058 146
1059 1055
1060 992
1061 92
1062 419
1063 1060
1064 101
1065 742
1066 106
1067 394
1068 700
1069 375
1070 993
1071 489
1072 264
1073 242
1074 580
1075 740
1076 961
1077 870
1078 365
1079 372
1080 514
1081 780
1082 669
1083 170
1084 760
1085 868
1086 836
1087 744
1088 836
1089 443
1090 633
1091 1081
1092 39
1093 202
1094 1050
1095 378
1096 203
1097 904
1098 251
1099 855
1100 31
1101 1079
1102 663
1103 1035
1104 494
1105 933
1106 287
1107 985
1108 192
1109 753
1110 686
1111 563
1112 1012
1113 911
1114 946
1115 760
1116 475
1117 730
1118 778
1119 117
1120 771
1121 621
1122 428
1123 831
1124 673
1125 803
1126 148
1127 153
1128 889
1129 40
1130 634
1131 897
1132 1046
1133 204
1134 314
1135 1092
1136 780
1137 83
1138 1051
1139 97
1140 1012
1141 739
1142 122
1143 439
1144 636
1145 1027
1146 794
1147 214
1148 237
1149 420
1150 280
1151 646
1152 148
1153 374
1154 1035
1155 673
1156 1027
1157 804
1158 680
1159 1142
1160 578
1161 37
1162 43
1163 353
1164 840
1165 540
1166 604
1167 1163
1168 948
1169 195
1170 916
1171 995
1172 199
1173 148
1174 605
1175 629
1176 744
1177 1109
1178 457
1179 391
1180 933
1181 78
1182 438
1183 922
1184 565
1185 713
1186 719
1187 64
1188 318
1189 826
1190 1156
1191 719
1192 1029
1193 297
1194 1185
1195 1005
1196 750
1197 630
1198 527
1199 322
1200 461
1201 295
1202 25
1203 185
1204 20
1205 68
1206 353
1207 1088
1208 524
1209 880
1210 666
1211 385
1212 878
1213 8
1214 437
1215 496
1216 262
1217 795
1218 1176
1219 634
1220 125
1221 682
1222 401
1223 786
1224 434
1225 1073
1226 545
1227 1207
1228 1098
1229 1021
1230 411
1231 924
1232 840
1233 1172
1234 551
1235 512
1236 948
1237 308
1238 554
1239 684
1240 883
1241 129
1242 352
1243 416
1244 317
1245 707
1246 348
1247 257
1248 1242
1249 320
1250 1004
1251 573
1252 476
1253 594
1254 548
1255 385
1256 808
1257 824
1258 1213
1259 985
1260 632
1261 908
1262 47
1263 1086
1264 1029
1265 958
1266 378
1267 492
1268 459
1269 135
1270 1040
1271 726
1272 523
1273 1164
1274 1165
1275 1062
1276 684
1277 1222
1278 1236
1279 104
1280 1107
1281 139
1282 543
1283 985
1284 909
1285 900
1286 877
1287 940
1288 295
1289 379
1290 387
1291 755
1292 939
1293 596
1294 999
1295 703
1296 872
1297 664
1298 831
1299 467
1300 1222
1301 129
1302 785
1303 1036
1304 1258
1305 317
1306 1017
1307 1095
1308 1156
1309 552
1310 570
1311 209
1312 935
1313 1233
1314 399
1315 1066
1316 415
1317 1087
1318 840
1319 271
1320 857
1321 998
1322 646
1323 730
1324 1004
1325 846
1326 1138
1327 764
1328 882
1329 1062
1330 653
1331 802
1332 338
1333 42
1334 771
1335 593
1336 1334
1337 1327
1338 1066
1339 706
1340 16
1341 503
1342 537
1343 331
1344 884
1345 422
1346 1229
1347 968
1348 333
1349 867
1350 1045
1351 319
1352 1018
1353 917
1354 491
1355 1290
1356 744
1357 891
1358 291
1359 444
1360 999
1361 398
1362 241
1363 551
1364 674
1365 1258
1366 402
1367 637
1368 918
1369 39
1370 932
1371 353
1372 748
1373 639
1374 322
1375 799
1376 843
1377 1053
1378 465
1379 1023
1380 633
1381 84
1382 126
1383 68
1384 1054
1385 979
1386 74
1387 889
1388 706
1389 913
1390 259
1391 993
1392 1048
1393 1346
1394 954
1395 937
1396 747
1397 53
1398 935
1399 252
1400 1094
1401 184
1402 630
1403 982
1404 76
1405 1278
1406 1387
1407 892
1408 533
1409 459
1410 344
1411 346
1412 387
1413 199
1414 469
1415 971
1416 1034
1417 1173
1418 1412
1419 635
1420 660
1421 282
1422 1418
1423 1166
1424 623
1425 135
1426 757
1427 421
1428 1103
1429 772
1430 363
1431 931
1432 5
1433 775
1434 915
1435 1027
1436 69
1437 1381
1438 1189
1439 403
1440 77
1441 708
1442 1394
1443 277
1444 202
1445 42
1446 1117
1447 515
1448 888
1449 830
1450 543
1451 8
1452 966
1453 901
1454 1012
1455 1110
1456 1295
1457 1072
1458 509
1459 57
1460 179
1461 53
1462 532
1463 650
1464 1436
1465 136
1466 1232
1467 1129
1468 919
1469 265
1470 1056
1471 796
1472 1101
1473 539
1474 1282
1475 1322
1476 56
1477 995
1478 75
1479 1261
1480 574
1481 835
1482 550
1483 69
1484 718
1485 278
1486 346
1487 1302
1488 845
1489 1426
1490 810
1491 727
1492 37
1493 290
1494 886
1495 1358
1496 329
1497 1470
1498 1197
1499 52
1500 1063
1501 1449
1502 601
1503 1338
1504 40
1505 1349
1506 1095
1507 610
1508 1342
1509 613
1510 984
1511 742
1512 537
1513 696
1514 862
1515 1448
1516 192
1517 1210
1518 1351
1519 593
1520 1189
1521 737
1522 362
1523 1322
1524 808
1525 1102
1526 28
1527 1411
1528 438
1529 166
1530 285
1531 893
1532 672
1533 289
1534 934
1535 1342
1536 544
1537 182
1538 1531
1539 1503
1540 500
1541 376
1542 953
1543 565
1544 415
1545 728
1546 189
1547 287
1548 1135
1549 931
1550 846
1551 779
1552 551
1553 689
1554 1218
1555 1318
1556 889
1557 1445
1558 173
1559 816
1560 1468
1561 116
1562 557
1563 1309
1564 527
1565 525
1566 481
1567 257
1568 332
1569 1185
1570 524
1571 873
1572 1519
1573 476
1574 1328
1575 198
1576 1464
1577 1400
1578 1329
1579 492
1580 1443
1581 71
1582 1117
1583 193
1584 1129
1585 357
1586 452
1587 59
1588 1133
1589 860
1590 740
1591 34
1592 1347
1593 99
1594 773
1595 809
1596 1521
1597 9
1598 424
1599 566
1600 822
1601 763
1602 257
1603 216
1604 1250
1605 1434
1606 104
1607 350
1608 561
1609 964
1610 377
1611 537
1612 1278
1613 1541
1614 1606
1615 164
1616 1597
1617 1457
1618 1131
1619 631
1620 407
1621 1117
1622 1081
1623 1487
1624 1387
1625 248
1626 1215
1627 210
1628 1248
1629 1401
1630 816
1631 179
1632 519
1633 1559
1634 1102
1635 768
1636 730
1637 1632
1638 755
1639 1256
1640 748
1641 1495
1642 1044
1643 1346
1644 370
1645 305
1646 676
1647 1443
1648 451
1649 971
1650 640
1651 1552
1652 1431
1653 334
1654 1495
1655 152
1656 1345
1657 1391
1658 283
1659 1580
1660 942
1661 250
1662 209
1663 227
1664 137
1665 1226
1666 844
1667 1469
1668 181
1669 972
1670 1110
1671 1610
1672 1481
1673 1342
1674 1172
1675 900
1676 1424
1677 495
1678 1160
1679 605
1680 613
1681 5
1682 1211
1683 428
1684 1105
1685 590
1686 855
1687 990
1688 1056
1689 1235
1690 883
1691 46
1692 1556
1693 1086
1694 261
1695 1101
1696 705
1697 296
1698 719
1699 909
1700 1367
1701 69
1702 697
1703 242
1704 689
1705 397
1706 690
1707 1701
1708 627
1709 503
1710 842
1711 1245
1712 366
1713 1379
1714 942
1715 342
1716 738
1717 1001
1718 1083
1719 938
1720 607
1721 1201
1722 287
1723 1208
1724 261
1725 1571
1726 404
1727 574
1728 169
1729 773
1730 1555
1731 873
1732 127
1733 1311
1734 708
1735 55
1736 314
1737 1543
1738 1218
1739 669
1740 1188
1741 957
1742 602
1743 297
1744 1266
1745 619
1746 970
1747 444
1748 838
1749 915
1750 429
1751 1355
1752 1037
1753 1109
1754 955
1755 1360
1756 573
1757 1208
1758 694
1759 105
1760 712
1761 1748
1762 961
1763 135
1764 303
1765 414
1766 678
1767 779
1768 581
1769 761
1770 1736
1771 416
1772 1722
1773 226
1774 1389
1775 844
1776 55
1777 431
1778 488
1779 92
1780 85
1781 1632
1782 1080
1783 241
1784 579
1785 274
1786 1521
1787 6
1788 805
1789 949
1790 859
1791 1336
1792 648
1793 906
1794 1145
1795 49
1796 1084
1797 1154
1798 1769
1799 1425
1800 1180
1801 551
1802 420
1803 940
1804 523
1805 1573
1806 341
1807 453
1808 1801
1809 947
1810 1689
1811 786
1812 1327
1813 1080
1814 85
1815 1297
1816 1582
1817 117
1818 1343
1819 341
1820 1365
1821 1799
1822 839
1823 1326
1824 192
1825 570
1826 1387
1827 67
1828 1012
1829 820
1830 323
1831 998
1832 1005
1833 1548
1834 816
1835 1244
1836 1221
1837 1738
1838 449
1839 1152
1840 369
1841 61
1842 149
1843 1104
1844 1830
1845 552
1846 117
1847 409
1848 1345
1849 1346
1850 1753
1851 115
1852 1363
1853 428
1854 861
1855 1238
1856 624
1857 377
1858 408
1859 1393
1860 1682
1861 1115
1862 1510
1863 1140
1864 543
1865 1197
1866 1651
1867 1714
1868 28
1869 1785
1870 420
1871 1102
1872 801
1873 271
1874 1143
1875 1299
1876 964
1877 639
1878 1824
1879 1801
1880 1350
1881 1356
1882 388
1883 369
1884 1416
1885 1526
1886 1053
1887 1267
1888 1595
1889 923
1890 696
1891 1794
1892 1612
1893 242
1894 1783
1895 1540
1896 1824
1897 925
1898 1107
1899 1818
1900 137
1901 1462
1902 108
1903 1057
1904 1685
1905 1357
1906 1237
1907 847
1908 769
1909 1564
1910 179
1911 1439
1912 1017
1913 1192
1914 102
1915 1586
1916 1423
1917 1616
1918 151
1919 1468
1920 884
1921 1652
1922 1804
1923 1464
1924 117
1925 275
1926 1152
1927 607
1928 306
1929 1170
1930 270
1931 282
1932 751
1933 1389
1934 1686
1935 1746
1936 347
1937 1709
1938 542
1939 490
1940 1436
1941 597
1942 172
1943 1155
1944 659
1945 1809
1946 244
1947 1415
1948 1494
1949 509
1950 1717
1951 986
1952 1322
1953 567
1954 340
1955 729
1956 1027
1957 513
1958 1931
1959 448
1960 1563
1961 238
1962 404
1963 342
1964 577
1965 143
1966 1651
1967 227
1968 330
1969 65
1970 973
1971 742
1972 1551
1973 1718
1974 1263
1975 144
1976 87
1977 645
1978 50
1979 1361
1980 63
1981 296
1982 1315
1983 1587
1984 974