959
2 1
3 1
4 3
5 4
6 5
7 1
8 2
9 4
10 8
11 8
12 4
13 2
14 8
15 11
16 13
17 3
18 5
19 4
20 18
21 7
22 17
23 7
24 6
25 20
26 20
27 20
28 9
29 19
30 9
31 13
32 6
33 29
34 31
35 3
36 9
37 18
38 3
39 17
40 27
41 33
42 11
43 1
44 25
45 4
46 19
47 41
48 43
49 37
50 40
51 36
52 22
53 41
54 22
55 54
56 15
57 12
58 28
59 10
60 59
61 20
62 26
63 16
64 36
65 60
66 3
67 66
68 34
69 58
70 47
71 26
72 52
73 11
74 71
75 52
76 19
77 69
78 56
79 56
80 25
81 28
82 67
83 70
84 42
85 50
86 4
87 12
88 56
89 8
90 55
91 17
92 56
93 49
94 56
95 92
96 70
97 49
98 79
99 18
100 12
101 20
102 35
103 30
104 63
105 75
106 32
107 11
108 47
109 56
110 43
111 99
112 102
113 73
114 108
115 98
116 8
117 30
118 102
119 8
120 108
121 108
122 115
123 4
124 52
125 34
126 97
127 4
128 3
129 118
130 117
131 31
132 10
133 103
134 28
135 17
136 126
137 28
138 114
139 1
140 90
141 105
142 12
143 57
144 97
145 129
146 134
147 108
148 26
149 133
150 67
151 107
152 115
153 35
154 114
155 57
156 66
157 64
158 139
159 57
160 129
161 67
162 144
163 1
164 21
165 164
166 90
167 108
168 145
169 131
170 117
171 16
172 24
173 9
174 27
175 162
176 117
177 40
178 59
179 60
180 95
181 84
182 50
183 40
184 69
185 59
186 177
187 1
188 44
189 122
190 155
191 24
192 88
193 51
194 76
195 49
196 190
197 142
198 162
199 7
200 153
201 59
202 21
203 171
204 92
205 114
206 83
207 188
208 64
209 146
210 11
211 177
212 167
213 186
214 162
215 168
216 73
217 78
218 102
219 174
220 144
221 113
222 194
223 189
224 142
225 119
226 131
227 16
228 14
229 57
230 109
231 166
232 47
233 82
234 44
235 118
236 42
237 110
238 150
239 102
240 23
241 147
242 98
243 189
244 237
245 199
246 81
247 148
248 77
249 161
250 166
251 34
252 225
253 7
254 57
255 125
256 27
257 247
258 180
259 126
260 20
261 105
262 154
263 204
264 74
265 202
266 62
267 78
268 4
269 149
270 133
271 79
272 60
273 158
274 219
275 29
276 75
277 128
278 220
279 193
280 139
281 95
282 169
283 263
284 278
285 158
286 197
287 182
288 16
289 47
290 287
291 280
292 117
293 51
294 46
295 261
296 12
297 56
298 269
299 205
300 76
301 149
302 154
303 11
304 268
305 184
306 214
307 21
308 211
309 91
310 250
311 206
312 247
313 230
314 208
315 234
316 135
317 98
318 130
319 104
320 54
321 42
322 168
323 2
324 226
325 274
326 176
327 250
328 32
329 72
330 83
331 247
332 129
333 320
334 88
335 238
336 225
337 5
338 115
339 136
340 105
341 307
342 224
343 218
344 206
345 200
346 198
347 311
348 96
349 17
350 19
351 72
352 41
353 106
354 335
355 92
356 149
357 234
358 324
359 158
360 86
361 118
362 351
363 154
364 209
365 337
366 33
367 75
368 68
369 281
370 46
371 284
372 72
373 369
374 23
375 266
376 202
377 154
378 161
379 315
380 254
381 173
382 111
383 368
384 308
385 51
386 226
387 22
388 352
389 148
390 337
391 246
392 296
393 101
394 208
395 66
396 280
397 273
398 49
399 275
400 303
401 87
402 161
403 230
404 226
405 15
406 77
407 311
408 296
409 16
410 88
411 204
412 110
413 365
414 150
415 144
416 388
417 264
418 155
419 377
420 114
421 58
422 205
423 220
424 334
425 27
426 335
427 113
428 38
429 286
430 208
431 147
432 285
433 181
434 310
435 315
436 2
437 343
438 9
439 105
440 413
441 398
442 133
443 366
444 439
445 45
446 71
447 353
448 149
449 110
450 437
451 61
452 420
453 66
454 178
455 80
456 228
457 442
458 356
459 65
460 113
461 362
462 330
463 235
464 310
465 21
466 277
467 375
468 341
469 28
470 59
471 198
472 353
473 407
474 446
475 274
476 415
477 434
478 428
479 388
480 300
481 9
482 310
483 329
484 174
485 380
486 423
487 19
488 430
489 462
490 165
491 56
492 16
493 9
494 254
495 366
496 59
497 460
498 420
499 292
500 433
501 223
502 446
503 433
504 377
505 88
506 70
507 114
508 20
509 11
510 114
511 32
512 407
513 372
514 262
515 393
516 508
517 422
518 201
519 316
520 321
521 213
522 208
523 224
524 280
525 77
526 448
527 276
528 75
529 301
530 392
531 196
532 71
533 454
534 35
535 136
536 279
537 61
538 52
539 235
540 363
541 204
542 43
543 190
544 258
545 173
546 79
547 443
548 132
549 454
550 380
551 135
552 437
553 313
554 39
555 199
556 156
557 284
558 269
559 436
560 508
561 366
562 271
563 103
564 78
565 12
566 420
567 434
568 466
569 490
570 447
571 375
572 331
573 74
574 7
575 321
576 128
577 255
578 452
579 515
580 69
581 63
582 164
583 4
584 529
585 567
586 2
587 396
588 152
589 177
590 192
591 212
592 358
593 225
594 120
595 521
596 178
597 201
598 589
599 104
600 512
601 442
602 258
603 254
604 275
605 595
606 407
607 44
608 319
609 117
610 212
611 399
612 432
613 542
614 503
615 536
616 498
617 459
618 301
619 455
620 252
621 269
622 348
623 617
624 342
625 443
626 403
627 462
628 618
629 218
630 562
631 208
632 352
633 139
634 336
635 580
636 9
637 418
638 523
639 179
640 106
641 404
642 127
643 132
644 193
645 6
646 14
647 246
648 389
649 393
650 271
651 143
652 211
653 450
654 511
655 70
656 253
657 608
658 573
659 3
660 237
661 186
662 570
663 250
664 484
665 431
666 450
667 474
668 313
669 620
670 368
671 554
672 98
673 447
674 546
675 380
676 632
677 587
678 168
679 565
680 248
681 93
682 535
683 598
684 353
685 474
686 132
687 422
688 261
689 595
690 662
691 643
692 73
693 529
694 12
695 15
696 665
697 211
698 668
699 352
700 549
701 498
702 642
703 598
704 659
705 220
706 214
707 272
708 56
709 53
710 177
711 153
712 439
713 410
714 657
715 467
716 377
717 577
718 715
719 265
720 209
721 314
722 159
723 4
724 331
725 147
726 487
727 263
728 607
729 546
730 462
731 507
732 507
733 277
734 286
735 233
736 538
737 301
738 615
739 258
740 684
741 257
742 261
743 629
744 179
745 309
746 679
747 380
748 277
749 77
750 147
751 227
752 359
753 39
754 744
755 55
756 544
757 293
758 257
759 640
760 317
761 746
762 376
763 726
764 95
765 289
766 692
767 159
768 381
769 247
770 647
771 198
772 156
773 366
774 641
775 521
776 668
777 146
778 362
779 428
780 153
781 252
782 191
783 488
784 717
785 127
786 240
787 297
788 433
789 490
790 602
791 293
792 512
793 661
794 782
795 793
796 244
797 456
798 684
799 497
800 153
801 350
802 308
803 339
804 735
805 676
806 304
807 92
808 661
809 36
810 602
811 706
812 174
813 369
814 314
815 504
816 663
817 181
818 691
819 120
820 249
821 742
822 491
823 425
824 57
825 352
826 789
827 677
828 36
829 152
830 444
831 541
832 493
833 69
834 406
835 7
836 611
837 223
838 709
839 314
840 163
841 657
842 247
843 422
844 134
845 745
846 681
847 814
848 552
849 239
850 625
851 597
852 503
853 746
854 393
855 738
856 223
857 143
858 805
859 335
860 189
861 692
862 692
863 164
864 824
865 722
866 214
867 259
868 640
869 212
870 473
871 56
872 201
873 3
874 764
875 412
876 794
877 498
878 498
879 637
880 296
881 511
882 570
883 870
884 654
885 245
886 388
887 777
888 870
889 221
890 785
891 569
892 603
893 444
894 180
895 779
896 188
897 167
898 226
899 880
900 364
901 18
902 739
903 354
904 814
905 95
906 557
907 222
908 638
909 510
910 654
911 50
912 896
913 282
914 355
915 713
916 270
917 883
918 901
919 892
920 299
921 648
922 668
923 113
924 702
925 597
926 636
927 411
928 799
929 553
930 750
931 742
932 38
933 465
934 700
935 710
936 646
937 816
938 804
939 424
940 158
941 744
942 463
943 388
944 543
945 196
946 786
947 46
948 342
949 184
950 863
951 190
952 677
953 402
954 387
955 125
956 748
957 794
958 264
959 97