25790
7023
11023
14090
19379
66579
30388
69479
68099
20933
68849
34007
44103
59796
42788
82768
98180
53942
22768
91140
69460
14996
67168
59241
55256
85145
1619
40301
86901
10484
44764
91982
17571
4268
31350
88222
48490
18070
74119
25992
62693
99901
4076
23680
93946
33114
71895
27906
4999
7241
8670
54826
45797
87555
6672
82114
68421
64210
87977
14070
72044
83801
50725
9187
98895
85605
29871
32214
93482
32005
52529
16993
68283
16993
91594
12961
39057
27748
33455
30647
18212
88252
66348
81514
82879
3167
12972
79956
26558
49745
94444
95855
49007
82734
34765
2045
93244
82667
76781
86890
89007
20650
41111
56381
18428
17183
68855
17977
97760
62211
39921
17353
87782
41455
40427
68681
7431
64412
41317
71860
99139
69478
22368
42841
71258
65870
85543
56366
45116
99717
56446
49052
15752
86205
47072
67782
74055
77021
41118
5143
42172
63597
9750
58181
53818
19740
50299
15128
85577
33778
93749
61278
52794
76487
3172
11344
71207
91893
86352
33832
3172
50279
88867
24354
22225
22443
25178
902
82264
77575
13804
83352
3122
3055
6567
93523
84850
4550
40117
70038
59332
22126
39294
62125
58006
80766
97079
69021
46851
1868
2665
47852
65658
21261
17062
15105
69585
49206
38855
54639
86857
77657
37837
25831
1370
65076
58048
29992
1271
70237
72922
30402
58727
45464
39859
81320
87646
95432
88645
48036
40269
20224
78194
57628
90938
34803
716
34023
77266
6112
10848
62180
39007
95169
62783
56335
78281
6972
11983
25643
94470
48908
12006
98823
47408
94058
61627
32100
12681
40271
481
68032
82625
36926
30018
88287
15274
97616
48781
79720
23450
5467
2091
57376
13879
32046
78308
98363
98025
41270
45195
62245
18431
5009
8892
32402
99529
99249
40308
30324
63514
80382
8524
71569
61977
21678
52702
43386
78942
2091
57136
48317
54475
94747
71956
93087
21496
38380
78368
97824
56742
6533
11901
95196
35181
49635
16324
30675
28740
51061
5143
54189
86945
78342
36928
98364
28513
96855
49772
46281
6879
71918
80057
80401
25226
57053
3853
27516
48539
10572
9651
96307
11582
21462
88517
93164
26596
89781
51780
89704
57904
96752
62104
30769
45872
38920
85700
57977
50500
83239
2793
1214
23681
96819
42774
5256
32818
17680
61994
37083
63195
86652
52393
7374
58354
48617
87588
72256
2029
24528
13139
29614
30223
55698
62229
90290
55950
1684
38645
63824
85332
22314
34517
57712
5041
2161
13404
72747
60529
44670
62161
47129
79838
2938
60140
40082
8849
21020
94179
3447
84372
62757
81977
69862
7913
19239
4651
33672
15628
34496
7927
57930
31854
51942
24500
20608
71811
80682
49168
86237
60075
31979
67228
50001
85653
55628
67273
34015
62730
54085
7180
51192
62701
73298
1869
45744
93298
29671
15374
24216
27350
61267
88350
83323
16482
62969
81119
22327
35370
66087
8844
5597
36871
16208
11080
30682
50035
65754
47183
6247
28456
91750
2558
70219
57018
78107
22096
22317
63050
69833
44785
97195
14864
86104
7986
80456
34291
65967
19972
36235
94758
31619
71681
90210
34001
74520
67303
97957
73574
28184
3450
17454
88698
24019
95016
33100
73497
77909
22723
39953
